UhhmsY;sam;08/10/2007 16:15;dt0C84;false
UhhmsY;sam;07/10/2007 16:15;ypyG0I;true
Y7ixdo;kam;08/10/2007 16:15;T6A6EP;true
W1nmv5;kash;08/10/2007 16:15;N5AQ3k;true
q1qFfR;croos;08/10/2007 16:15;oUbtwB;false
awOaH0;kash;08/10/2007 16:15;bRfmdG;false
MgvrOU;sam;08/10/2007 16:15;XCdEvP;false
76eycr;dac;08/10/2007 16:15;yrkg1q;false
F5yl03;kam;08/10/2007 16:15;4a53f1;true
DdrpP9;gael;09/10/2007 16:15;zOmPHr;false
blu1xG;jim;08/10/2007 16:15;dFIPl4;false
FCt4aZ;rim;08/10/2007 16:15;FuWqiU;true
41rZtL;jim;08/10/2007 16:15;Tjhsze;false
oNlkgs;adel;08/10/2007 16:15;B54HJm;true
796Ck3;dac;08/10/2007 16:15;URHYhL;false
H6ZNwz;jim;08/10/2007 16:15;OWxzGP;false
pPeMUD;dac;08/10/2007 16:15;qrEEFE;false
3vq3Ym;adel;01/10/2007 16:15;tqwUst;false
